000000000000000000000000000010
011111111101111111111101011110
000001000000000100000001000100
010111110101110101011111110110
010100000100010101010000000100
011101011111110101110111111110
010001000100000101000000000100
011101011101010101110111010110
000101000101010100010001010110
010101011101010101110111111100
010101010001010101000000000110
011101110101010101010101110100
000101000101010101010101000110
011111010111110101010101111100
010000010100000101010100010000
010101110111011101110111111110
010100010001010001000000010000
010101111111111101111111010110
010100000001000001000000010110
011101110111111101110101010100
000100010001000000010101010110
010101111101111111111111111100
010101111001000101000001000110
010101010111011101011111011110
010101010001010101000100000110
010101011111010101011111011100
011111010101010101010000010000
011001010101010111010111111110
011111010111011101111100000010
000000000000000000000000000000
