000000000000000010
011111111111111110
011111111111111110
011111111111111110
011111111111111110
011111111111111110
011111111111111110
011111111111111110
011111111111111110
011111111111111110
011111111111111110
011111111111111110
011111111111111110
011111111111111110
011111111111111110
011111111111111110
011111111111111110
011111111111111110
011111111111111110
011111111111111110
011111111111111110
011111111111111110
011111111111111110
011111111111111110
011111111111111110
011111111111111110
011111111111111110
011111111111111110
011111111111111110
011111111111111110
011111111111111110
011111111111111110
011111111111111110
011111111111111110
011111111111111110
011111111111111110
011111111111111110
011111111111111110
011111111111111110
011111111111111110
011111111111111110
011111111111111110
011111111111111110
011111111111111110
011111111111111110
011111111111111110
011111111111111110
011111111111111110
011111111111111110
011111111111111110
011111111111111110
011111111111111110
011111111111111110
011111111111111110
011111111111111110
011111111111111110
011111111111111110
011111111111111110
011111111111111110
011111111111111110
011111111111111110
011111111111111110
011111111111111110
011111111111111110
011111111111111110
011111111111111110
011111111111111110
011111111111111110
011111111111111110
011111111111111110
011111111111111110
011111111111111110
011111111111111110
011111111111111110
011111111111111110
011111111111111110
011111111111111110
011111111111111110
011111111111111110
011111111111111110
011111111111111110
011111111111111110
000000000000000000
